timestamp,p_x,p_y,p_z,v_x,v_y,v_z,q_w,q_x,q_y,q_z
0.000000,5.500000,0.000000,0.000000,-0.000000,4.180000,0.437000,1.000000,0.000000,0.000000,0.000000
0.030000,5.498562,0.125485,0.013044,-0.095860,4.185675,0.432618,0.999868,-0.000619,0.003053,0.015962
0.060000,5.494533,0.251089,0.025837,-0.182712,4.184539,0.427347,0.999724,-0.000143,0.002362,0.023358
0.090000,5.488670,0.378281,0.038081,-0.258885,4.210314,0.416035,0.999348,-0.000379,0.002499,0.036023
0.120000,5.481887,0.506556,0.048300,-0.321385,4.230623,0.382844,0.998906,-0.003866,0.004128,0.046420
0.150000,5.472228,0.636572,0.059092,-0.399653,4.257260,0.373589,0.998318,-0.003786,0.003123,0.057770
0.180000,5.459169,0.766687,0.068540,-0.488966,4.269187,0.353614,0.997661,-0.003774,0.002971,0.068180
0.210000,5.446598,0.897039,0.085448,-0.551090,4.277605,0.400413,0.996827,-0.002255,0.001621,0.079545
0.240000,5.433012,1.023508,0.098809,-0.610427,4.253533,0.398035,0.995847,-0.003338,0.002956,0.090932
0.270000,5.417134,1.146116,0.114742,-0.676896,4.209796,0.412813,0.994675,-0.003435,0.003720,0.102939
0.300000,5.397661,1.265603,0.129127,-0.756586,4.153652,0.412487,0.993355,-0.001933,0.004752,0.114977
0.330000,5.373512,1.383533,0.142622,-0.852129,4.094981,0.404675,0.991910,-0.001460,0.005868,0.126797
0.360000,5.345310,1.492979,0.148956,-0.964658,4.000765,0.370892,0.990041,-0.000937,0.004690,0.140701
0.390000,5.311540,1.604756,0.158362,-1.085200,3.925042,0.357850,0.988299,0.000918,0.003628,0.152482
0.420000,5.275146,1.716579,0.160146,-1.200377,3.862055,0.293963,0.986293,0.001778,0.004776,0.164923
0.450000,5.233662,1.827556,0.165972,-1.320885,3.797463,0.276473,0.984291,0.004272,0.003123,0.176477
0.480000,5.185129,1.939454,0.167988,-1.458494,3.743417,0.232121,0.982207,0.003693,0.003344,0.187736
0.510000,5.132281,2.052195,0.175626,-1.590102,3.704359,0.233048,0.980090,0.004285,0.001530,0.198502
0.540000,5.075473,2.165748,0.179341,-1.717777,3.676092,0.204367,0.977992,0.004050,0.001324,0.208597
0.570000,5.016263,2.281028,0.189586,-1.834424,3.669505,0.206526,0.975631,0.003510,0.001632,0.219384
0.600000,4.956460,2.393719,0.199559,-1.934137,3.645795,0.208055,0.973248,0.003515,0.001498,0.229727
0.630000,4.894255,2.507395,0.209388,-2.028978,3.635515,0.203809,0.970601,0.003229,0.001973,0.240665
0.660000,4.831342,2.618724,0.219183,-2.110509,3.609049,0.200238,0.967976,0.003162,0.002136,0.251012
0.690000,4.765893,2.730713,0.227679,-2.191742,3.592583,0.188131,0.965075,0.003175,0.002652,0.261941
0.720000,4.695939,2.839289,0.220925,-2.288996,3.552287,0.124443,0.961842,0.000532,0.001568,0.273601
0.750000,4.630905,2.943362,0.210581,-2.341384,3.497185,0.066068,0.958731,0.001080,-0.002206,0.284304
0.780000,4.565090,3.047443,0.200000,-2.392269,3.455526,-0.007545,0.955159,0.001320,-0.002875,0.296075
0.810000,4.498668,3.146594,0.191094,-2.439921,3.386318,-0.050132,0.951652,0.001159,-0.005613,0.307124
0.840000,4.424380,3.246634,0.194785,-2.518098,3.321518,-0.049417,0.948348,0.001267,-0.005669,0.317178
0.870000,4.348384,3.349294,0.208838,-2.587775,3.288827,-0.007836,0.944417,-0.000678,-0.005018,0.328711
0.900000,4.273154,3.446765,0.221632,-2.642744,3.227453,0.016942,0.940976,-0.001367,-0.003437,0.338454
0.930000,4.199122,3.542290,0.218144,-2.696938,3.183664,-0.006451,0.936496,-0.000269,-0.002593,0.350669
0.960000,4.117066,3.636879,0.217681,-2.773479,3.122229,-0.024411,0.932885,-0.000418,-0.002894,0.360163
0.990000,4.032695,3.729592,0.216683,-2.851264,3.058677,-0.042072,0.928272,-0.000577,-0.002569,0.371894
1.020000,3.945980,3.820362,0.215164,-2.929717,2.992626,-0.059231,0.924392,-0.000776,-0.002587,0.381433
1.050000,3.856898,3.909127,0.213128,-3.009074,2.925067,-0.076526,0.919675,-0.000873,-0.002309,0.392672
1.080000,3.765438,3.995847,0.210574,-3.088291,2.856242,-0.093720,0.915525,-0.001093,-0.002218,0.402253
1.110000,3.671605,4.080493,0.207498,-3.167243,2.786826,-0.111342,0.910639,-0.001197,-0.001947,0.413196
1.140000,3.575419,4.163058,0.203885,-3.245132,2.717492,-0.129504,0.906258,-0.001421,-0.001754,0.422720
1.170000,3.476926,4.243555,0.199713,-3.321063,2.649011,-0.148617,0.901146,-0.001554,-0.001422,0.433510
1.200000,3.376227,4.322027,0.194940,-3.392212,2.582452,-0.169597,0.895994,-0.000393,-0.001118,0.444065
1.230000,3.273477,4.398541,0.189508,-3.457832,2.518476,-0.192565,0.891527,-0.001020,-0.000495,0.452965
1.260000,3.168808,4.473142,0.183373,-3.520061,2.454909,-0.216434,0.885874,-0.001060,-0.000784,0.463924
1.290000,3.062320,4.545808,0.176506,-3.579127,2.389514,-0.241364,0.881450,-0.001025,-0.000288,0.472275
1.320000,2.954112,4.616478,0.168871,-3.634777,2.321790,-0.267621,0.875741,-0.000068,-0.000518,0.482781
1.350000,2.844275,4.685046,0.160389,-3.687707,2.249396,-0.297823,0.871507,0.002704,-0.001476,0.490373
1.380000,2.732874,4.751333,0.150985,-3.738964,2.169751,-0.329140,0.864998,0.002554,0.000554,0.501768
1.410000,2.619997,4.815168,0.140672,-3.786176,2.085946,-0.358402,0.860690,0.002423,-0.000787,0.509123
1.440000,2.505756,4.876447,0.129489,-3.829936,1.999283,-0.387113,0.854296,0.002490,-0.000098,0.519781
1.470000,2.390285,4.935081,0.117484,-3.868113,1.909694,-0.413254,0.849451,0.002669,-0.000520,0.527661
1.500000,2.273743,4.990985,0.104727,-3.901338,1.817204,-0.437150,0.843187,0.002613,-0.000703,0.537613
1.530000,2.156289,5.044060,0.091315,-3.928940,1.721133,-0.457034,0.837737,0.001981,-0.001063,0.546069
1.560000,2.038112,5.094224,0.077356,-3.949549,1.623146,-0.473558,0.831252,0.002422,-0.001499,0.555889
1.590000,1.919466,5.141443,0.062942,-3.960162,1.524750,-0.487390,0.825870,0.002913,-0.001554,0.563851
1.620000,1.800671,5.185732,0.048163,-3.959499,1.427856,-0.497868,0.820118,0.003514,-0.001633,0.572182
1.650000,1.682068,5.227128,0.033122,-3.947384,1.331926,-0.504859,0.813505,0.003910,-0.002132,0.581541
1.680000,1.563945,5.265652,0.017934,-3.927456,1.236307,-0.507643,0.806406,0.003913,-0.002570,0.591344
1.710000,1.446474,5.301310,0.002741,-3.903952,1.140882,-0.505260,0.799050,0.003564,-0.003332,0.601245
1.740000,1.329652,5.334068,-0.012286,-3.884187,1.042966,-0.496536,0.791601,0.003301,-0.004129,0.611016
1.770000,1.213247,5.363781,-0.026944,-3.876164,0.937944,-0.480669,0.784540,0.001900,-0.005169,0.620053
1.800000,1.096893,5.390233,-0.041036,-3.880768,0.825531,-0.458787,0.775914,0.001606,-0.005960,0.630808
1.830000,0.980254,5.413239,-0.054419,-3.895136,0.708173,-0.433406,0.768190,0.001367,-0.005939,0.640193
1.860000,0.863033,5.432695,-0.067002,-3.919581,0.588914,-0.405470,0.759921,0.000970,-0.005900,0.649988
1.890000,0.744948,5.448579,-0.078737,-3.952817,0.469996,-0.376873,0.751688,0.000165,-0.005970,0.659492
1.920000,0.625745,5.460930,-0.089638,-3.994005,0.353414,-0.349819,0.742443,-0.001453,-0.007035,0.669871
1.950000,0.505202,5.469838,-0.099775,-4.042202,0.240484,-0.326018,0.732985,-0.002869,-0.007172,0.680201
1.980000,0.383124,5.475437,-0.109248,-4.096345,0.132787,-0.305482,0.724759,-0.003586,-0.006159,0.688966
2.010000,0.259366,5.477916,-0.118153,-4.154209,0.032443,-0.288199,0.716671,-0.003830,-0.004734,0.697385
2.040000,0.133862,5.477550,-0.126597,-4.212664,-0.056863,-0.274716,0.709947,-0.003473,-0.002385,0.704242
2.070000,0.006664,5.474690,-0.134683,-4.267262,-0.133765,-0.264353,0.701695,-0.004163,-0.001022,0.712465
2.100000,-0.122044,5.469681,-0.142485,-4.313246,-0.200189,-0.255831,0.693872,-0.004740,0.000151,0.720083
2.130000,-0.251963,5.462803,-0.150054,-4.348050,-0.258325,-0.248740,0.686090,-0.004995,0.001269,0.727499
2.160000,-0.382716,5.454272,-0.157423,-4.368784,-0.310405,-0.242563,0.678868,-0.004392,0.002393,0.734243
2.190000,-0.513875,5.444245,-0.164637,-4.375137,-0.358074,-0.238343,0.674077,-0.001824,0.003239,0.738652
2.220000,-0.645001,5.432834,-0.171755,-4.366581,-0.402680,-0.236190,0.666558,-0.000432,0.003916,0.745443
2.250000,-0.775619,5.420093,-0.178783,-4.341311,-0.446694,-0.232367,0.658289,-0.000786,0.004772,0.752750
2.280000,-0.905247,5.405949,-0.185627,-4.300576,-0.496234,-0.223877,0.649309,-0.000402,0.005852,0.760502
2.310000,-1.033471,5.390145,-0.192135,-4.247701,-0.557393,-0.209995,0.642035,-0.001090,0.006816,0.766644
2.340000,-1.159976,5.372292,-0.198169,-4.185966,-0.632812,-0.192283,0.631473,-0.001073,0.006561,0.775369
2.370000,-1.284521,5.351949,-0.203634,-4.117031,-0.723371,-0.172005,0.622335,-0.002094,0.006667,0.782720
2.400000,-1.406987,5.328715,-0.208460,-4.047314,-0.825596,-0.149720,0.612905,-0.001319,0.006484,0.790129
2.430000,-1.527380,5.302287,-0.212598,-3.978930,-0.936271,-0.126211,0.603120,-0.001880,0.006653,0.797620
2.460000,-1.645783,5.272468,-0.216006,-3.914568,-1.051661,-0.100953,0.593653,-0.001170,0.006747,0.804692
2.490000,-1.762303,5.239160,-0.218656,-3.853482,-1.168811,-0.075685,0.582531,-0.000157,0.006896,0.812779
2.520000,-1.877050,5.202344,-0.220536,-3.796306,-1.285644,-0.049673,0.573740,-0.001034,0.007217,0.819005
2.550000,-1.990160,5.162059,-0.221628,-3.744360,-1.399975,-0.023105,0.563186,-0.001647,0.006105,0.826306
2.580000,-2.101792,5.118408,-0.221948,-3.697768,-1.510090,0.001734,0.553904,-0.001860,0.005509,0.832560
2.610000,-2.212126,5.071549,-0.221566,-3.657821,-1.613893,0.023723,0.543071,-0.002636,0.003842,0.839674
2.640000,-2.321347,5.021670,-0.220557,-3.623579,-1.711335,0.043590,0.533930,-0.003195,0.003549,0.845515
2.670000,-2.429577,4.968956,-0.218961,-3.591775,-1.802915,0.062757,0.523007,-0.003420,0.003817,0.852313
2.700000,-2.536842,4.913574,-0.216783,-3.559181,-1.889225,0.082480,0.513419,-0.003578,0.004045,0.858121
2.730000,-2.643091,4.855665,-0.213992,-3.524088,-1.971381,0.103574,0.502559,-0.003754,0.004215,0.864525
2.760000,-2.748217,4.795330,-0.210553,-3.484347,-2.050985,0.125702,0.493357,-0.004052,0.004425,0.869806
2.790000,-2.852077,4.732632,-0.206436,-3.439638,-2.128842,0.148762,0.482211,-0.003910,0.004762,0.876034
2.820000,-2.954524,4.667625,-0.201623,-3.390130,-2.204999,0.172105,0.473037,-0.004264,0.005066,0.881018
2.850000,-3.054838,4.604258,-0.208803,-3.332481,-2.278827,0.082885,0.460826,-0.002702,0.004326,0.887476
2.880000,-3.153912,4.534673,-0.206228,-3.272484,-2.360137,0.088812,0.451973,-0.002539,0.004317,0.892018
2.910000,-3.251142,4.462623,-0.203490,-3.209508,-2.443177,0.093686,0.439782,-0.002025,0.003958,0.898094
2.940000,-3.346444,4.388060,-0.200627,-3.143982,-2.527717,0.097186,0.430849,-0.001838,0.003823,0.902414
2.970000,-3.439775,4.310942,-0.197673,-3.078084,-2.613491,0.099739,0.418755,-0.001373,0.003147,0.908093
3.000000,-3.531142,4.231247,-0.194661,-3.013044,-2.699487,0.101051,0.409673,-0.001174,0.002459,0.912228
3.030000,-3.620599,4.148972,-0.191614,-2.950721,-2.785509,0.102111,0.397539,-0.000942,0.001797,0.917583
3.060000,-3.708230,4.064132,-0.188529,-2.891341,-2.870501,0.103551,0.388092,-0.000537,0.001227,0.921620
3.090000,-3.794145,3.976757,-0.185389,-2.836348,-2.954534,0.105792,0.375933,-0.000535,0.000327,0.926646
3.120000,-3.878471,3.886899,-0.182153,-2.785368,-3.035961,0.109960,0.364991,-0.001032,-0.001199,0.931010
3.150000,-3.961349,3.794620,-0.178784,-2.739854,-3.115996,0.114592,0.354490,0.000016,-0.001439,0.935059
3.180000,-4.042915,3.699976,-0.175307,-2.697875,-3.193592,0.117255,0.343254,0.001054,-0.001169,0.939241
3.210000,-4.123262,3.603056,-0.171801,-2.658600,-3.267711,0.116451,0.332500,0.003543,-0.000396,0.943097
3.240000,-4.202443,3.503969,-0.168362,-2.620119,-3.338091,0.112798,0.321720,0.003992,-0.000161,0.946826
3.270000,-4.280476,3.402826,-0.165037,-2.582102,-3.404802,0.108922,0.311294,0.005597,-0.000248,0.950297
3.300000,-4.357339,3.299723,-0.161814,-2.542078,-3.468714,0.105917,0.301180,0.006744,0.000633,0.953543
3.330000,-4.432932,3.194734,-0.158636,-2.497483,-3.530584,0.105914,0.290907,0.008794,0.001497,0.956710
3.360000,-4.507046,3.087874,-0.155404,-2.443430,-3.593377,0.109604,0.280882,0.010753,0.003118,0.959677
3.390000,-4.579370,2.979112,-0.151992,-2.378187,-3.657452,0.117829,0.269841,0.013080,0.003883,0.962808
3.420000,-4.649575,2.868398,-0.148256,-2.302112,-3.723485,0.131243,0.260606,0.015253,0.004927,0.965312
3.450000,-4.717351,2.755636,-0.144026,-2.216327,-3.793963,0.150757,0.253161,0.017943,0.006972,0.967233
3.480000,-4.782418,2.640751,-0.139108,-2.121414,-3.865057,0.177102,0.240786,0.019402,0.006677,0.970361
3.510000,-4.844581,2.523784,-0.133304,-2.022788,-3.932745,0.209867,0.231794,0.021581,0.006883,0.972501
3.540000,-4.903790,2.404887,-0.126448,-1.924503,-3.993730,0.247198,0.219974,0.023385,0.006931,0.975201
3.570000,-4.960089,2.284313,-0.118419,-1.828794,-4.044498,0.288025,0.211785,0.025056,0.006829,0.976971
3.600000,-5.013560,2.162381,-0.109122,-1.735932,-4.084347,0.331810,0.199563,0.025878,0.005994,0.979525
3.630000,-5.064289,2.039453,-0.098464,-1.645955,-4.110847,0.378711,0.191387,0.025629,0.004213,0.981171
3.660000,-5.112425,1.915957,-0.086385,-1.563123,-4.122175,0.426533,0.180023,0.026447,0.002603,0.983303
3.690000,-5.158215,1.792386,-0.072902,-1.489535,-4.115885,0.472354,0.171673,0.026261,0.001264,0.984803
3.720000,-5.201907,1.669174,-0.058095,-1.423308,-4.098285,0.514805,0.161952,0.026437,-0.000207,0.986444
3.750000,-5.243522,1.546468,-0.042122,-1.351000,-4.082096,0.550013,0.147985,0.025513,-0.002928,0.988656
3.780000,-5.282782,1.424081,-0.025220,-1.266310,-4.077039,0.576843,0.137165,0.024401,-0.004179,0.990239
3.810000,-5.319336,1.301696,-0.007616,-1.170686,-4.081964,0.596729,0.125543,0.023062,-0.004296,0.991811
3.840000,-5.352868,1.179075,0.010483,-1.064753,-4.092798,0.609885,0.114418,0.022185,-0.003191,0.993180
3.870000,-5.383064,1.056087,0.028852,-0.948329,-4.106345,0.614693,0.103841,0.022664,-0.000570,0.994336
3.900000,-5.409672,0.932701,0.047275,-0.825522,-4.119398,0.613531,0.093253,0.020359,-0.000071,0.995434
3.930000,-5.432653,0.808970,0.065613,-0.706545,-4.129367,0.608974,0.083031,0.019961,-0.000176,0.996347
3.960000,-5.452199,0.685029,0.083711,-0.596500,-4.133323,0.597571,0.070944,0.019742,0.001888,0.997283
3.990000,-5.468579,0.561063,0.101409,-0.495514,-4.131080,0.582294,0.060679,0.017458,0.002960,0.998000
4.020000,-5.482018,0.437214,0.118614,-0.400409,-4.125561,0.564738,0.048735,0.016530,0.003181,0.998670
4.050000,-5.492606,0.313548,0.135238,-0.305501,-4.118833,0.543523,0.037289,0.014997,0.003385,0.999186
4.080000,-5.500295,0.190050,0.151189,-0.207048,-4.114385,0.519828,0.024965,0.013273,0.004091,0.999592
4.110000,-5.504954,0.066627,0.166397,-0.103551,-4.113795,0.494054,0.012890,0.011720,0.004768,0.999837
4.140000,-5.506444,-0.056841,0.180832,0.004164,-4.117415,0.468271,0.000065,0.008722,0.006730,0.999939
4.170000,-5.504695,-0.180459,0.194509,0.112453,-4.123756,0.443566,0.012290,-0.006936,-0.006632,-0.999878
4.200000,-5.499747,-0.304301,0.207443,0.217398,-4.132384,0.418690,0.025430,-0.004664,-0.004974,-0.999653
4.230000,-5.491725,-0.428412,0.219658,0.317441,-4.141673,0.395639,0.036679,-0.001789,-0.001419,-0.999324
4.260000,-5.480773,-0.552789,0.231185,0.412682,-4.150155,0.372860,0.048789,-0.001269,0.000123,-0.998808
4.290000,-5.467050,-0.677350,0.241970,0.502160,-4.153886,0.346139,0.059367,-0.001562,0.002883,-0.998231
4.320000,-5.450706,-0.801952,0.251865,0.587491,-4.152902,0.313514,0.070766,-0.002865,0.006610,-0.997467
4.350000,-5.431807,-0.926449,0.260714,0.672437,-4.146951,0.276411,0.080880,-0.002168,0.008294,-0.996687
4.380000,-5.410385,-1.050681,0.268444,0.755702,-4.135128,0.238898,0.092402,-0.000814,0.008805,-0.995682
4.410000,-5.386511,-1.174456,0.275069,0.835849,-4.116556,0.202760,0.103356,0.000658,0.008767,-0.994606
4.440000,-5.360284,-1.297593,0.280631,0.912628,-4.092564,0.168043,0.114454,0.001960,0.008202,-0.993393
4.470000,-5.331809,-1.419931,0.285169,0.985724,-4.063311,0.134523,0.125456,0.002903,0.006980,-0.992070
4.500000,-5.301208,-1.541318,0.288723,1.054346,-4.029154,0.102387,0.136569,0.004481,0.005893,-0.990603
4.530000,-5.268609,-1.661613,0.291336,1.118923,-3.990512,0.071851,0.147630,0.005309,0.004519,-0.989018
4.560000,-5.234090,-1.780682,0.293052,1.182347,-3.947444,0.042517,0.158994,0.006666,0.004442,-0.987247
4.590000,-5.197628,-1.898404,0.293913,1.248440,-3.900656,0.014876,0.170163,0.007711,0.003747,-0.985379
4.620000,-5.159066,-2.014644,0.293981,1.322384,-3.848697,-0.010348,0.183871,0.009608,0.002407,-0.982900
4.650000,-5.118147,-2.129260,0.293326,1.405527,-3.792372,-0.033278,0.195217,0.010658,0.001162,-0.980701
4.680000,-5.074628,-2.242172,0.291996,1.495724,-3.735070,-0.055390,0.210155,0.011542,0.000144,-0.977600
4.710000,-5.028340,-2.353388,0.289984,1.590167,-3.679380,-0.078778,0.221671,0.011172,-0.001665,-0.975056
4.740000,-4.979141,-2.462982,0.287260,1.689769,-3.626897,-0.102779,0.233252,0.012537,-0.001171,-0.972335
4.770000,-4.926898,-2.571035,0.283815,1.793079,-3.576626,-0.126905,0.244300,0.011761,-0.001262,-0.969628
4.800000,-4.871498,-2.677575,0.279626,1.900270,-3.526043,-0.152400,0.256167,0.012426,-0.001039,-0.966552
4.830000,-4.812853,-2.782584,0.274670,2.009371,-3.474558,-0.177957,0.266046,0.013018,-0.000703,-0.963872
4.860000,-4.750928,-2.886024,0.268925,2.118973,-3.421410,-0.205033,0.279256,0.012618,-0.000920,-0.960133
4.890000,-4.685741,-2.987851,0.262335,2.226859,-3.367050,-0.234295,0.289120,0.012780,-0.000780,-0.957207
4.920000,-4.617385,-3.088080,0.254815,2.330152,-3.314882,-0.267073,0.301428,0.011241,0.000042,-0.953423
4.950000,-4.546010,-3.186771,0.246247,2.428211,-3.264551,-0.304095,0.311407,0.010869,0.000587,-0.950214
4.980000,-4.471773,-3.283977,0.236532,2.520949,-3.215837,-0.343607,0.323489,0.010509,0.000624,-0.946174
5.010000,-4.394829,-3.379725,0.225611,2.608639,-3.167381,-0.384451,0.333511,0.010214,0.000670,-0.942691
5.040000,-4.315319,-3.474021,0.213461,2.692001,-3.119010,-0.425551,0.345123,0.009854,0.000590,-0.938506
5.070000,-4.233367,-3.566848,0.200087,2.771487,-3.069477,-0.466053,0.355190,0.009354,0.000491,-0.934747
5.100000,-4.149066,-3.658165,0.185527,2.848586,-3.018268,-0.504613,0.366372,0.008868,0.000310,-0.930426
5.130000,-4.062473,-3.747900,0.169854,2.924235,-2.964115,-0.540241,0.376475,0.008300,-0.000033,-0.926390
5.160000,-3.973611,-3.835948,0.153185,2.999956,-2.905706,-0.571040,0.387736,0.008149,-0.000675,-0.921734
5.190000,-3.882472,-3.922169,0.135673,3.075968,-2.842407,-0.596408,0.397788,0.007305,-0.000861,-0.917448
5.220000,-3.789047,-4.006437,0.117483,3.152339,-2.775410,-0.616294,0.408545,0.006355,-0.000424,-0.912716
5.250000,-3.693333,-4.088653,0.098786,3.228575,-2.705676,-0.630119,0.418249,0.004993,0.000850,-0.908319
5.280000,-3.595366,-4.168791,0.079739,3.302561,-2.636871,-0.639722,0.428990,0.003624,0.000253,-0.903302
5.310000,-3.495295,-4.246921,0.060449,3.368841,-2.571792,-0.646242,0.439811,0.003798,-0.000134,-0.898082
5.340000,-3.393373,-4.323177,0.041005,3.425973,-2.511945,-0.650025,0.449112,0.002311,-0.000689,-0.893472
5.370000,-3.289831,-4.397680,0.021492,3.476813,-2.454922,-0.650886,0.458448,0.002136,-0.000574,-0.888718
5.400000,-3.184854,-4.470480,0.001995,3.521684,-2.398374,-0.648925,0.468772,0.000729,-0.001524,-0.883317
5.430000,-3.078585,-4.541547,-0.017408,3.562925,-2.339461,-0.644587,0.478012,0.000568,-0.002076,-0.878351
5.460000,-2.971083,-4.610779,-0.036602,3.603850,-2.275985,-0.635008,0.487022,0.000493,-0.001040,-0.873389
5.490000,-2.862337,-4.678024,-0.055465,3.645871,-2.207019,-0.622528,0.497717,-0.001325,-0.002446,-0.867335
5.520000,-2.752314,-4.743113,-0.073950,3.689037,-2.132266,-0.609829,0.506515,-0.001223,-0.002765,-0.862226
5.550000,-2.640977,-4.805908,-0.092047,3.733395,-2.054036,-0.596604,0.517201,-0.002682,-0.003548,-0.855852
5.580000,-2.528276,-4.866288,-0.109757,3.780002,-1.971331,-0.584046,0.526096,-0.002939,-0.003726,-0.850412
5.610000,-2.414142,-4.924134,-0.127090,3.828974,-1.885031,-0.571538,0.536267,-0.004038,-0.004162,-0.844028
5.640000,-2.298510,-4.979333,-0.144055,3.879815,-1.794942,-0.559415,0.544866,-0.004401,-0.004155,-0.838501
5.670000,-2.181317,-5.031773,-0.160640,3.933033,-1.701074,-0.546269,0.554573,-0.005498,-0.003556,-0.832110
5.700000,-2.062520,-5.081359,-0.176821,3.986764,-1.604602,-0.532489,0.563256,-0.006171,-0.003772,-0.826251
5.730000,-1.942164,-5.128044,-0.192590,4.037000,-1.507785,-0.518772,0.572704,-0.006931,-0.004019,-0.819723
5.760000,-1.820392,-5.171847,-0.207944,4.081092,-1.412389,-0.504809,0.580609,-0.007370,-0.004787,-0.814135
5.790000,-1.697414,-5.212802,-0.222877,4.117435,-1.317920,-0.490743,0.591588,-0.008766,-0.005576,-0.806173
5.820000,-1.573413,-5.250909,-0.237396,4.149294,-1.222588,-0.477190,0.598437,-0.009942,-0.005301,-0.801090
5.850000,-1.448467,-5.286139,-0.251512,4.180496,-1.126063,-0.463864,0.608409,-0.010777,-0.005402,-0.793531
5.880000,-1.345207,-5.306169,-0.232297,4.081101,-0.993481,-0.271245,0.619499,-0.005782,-0.005043,-0.784958
5.910000,-1.222357,-5.334601,-0.240068,4.108920,-0.901995,-0.246826,0.629335,-0.004813,-0.004488,-0.777104
5.940000,-1.098653,-5.360293,-0.247112,4.137960,-0.810766,-0.222774,0.637918,-0.005046,-0.004686,-0.770071
5.970000,-0.974060,-5.383220,-0.253458,4.168284,-0.717745,-0.200264,0.647088,-0.004612,-0.004647,-0.762383
6.000000,-0.848555,-5.403306,-0.259148,4.198696,-0.621330,-0.179079,0.655624,-0.004363,-0.005445,-0.755051
6.030000,-0.722145,-5.420417,-0.264258,4.228626,-0.519399,-0.161607,0.664581,-0.003848,-0.007724,-0.747161
6.060000,-0.594866,-5.434405,-0.268869,4.256631,-0.413136,-0.145816,0.672604,-0.002845,-0.008183,-0.739945
6.090000,-0.466790,-5.445254,-0.272997,4.281819,-0.310082,-0.129386,0.680712,-0.002435,-0.010532,-0.732463
6.120000,-0.338047,-5.453093,-0.276607,4.301022,-0.212526,-0.111277,0.688841,-0.001326,-0.011161,-0.724816
6.150000,-0.208824,-5.458136,-0.279613,4.313879,-0.123661,-0.089078,0.695381,-0.000324,-0.012949,-0.718514
6.180000,-0.079336,-5.460636,-0.281911,4.318643,-0.043045,-0.064118,0.703103,-0.000117,-0.014040,-0.710939
6.210000,0.050167,-5.460792,-0.283438,4.314848,0.032651,-0.037728,0.710627,-0.000312,-0.014754,-0.703405
6.240000,0.179446,-5.458701,-0.284168,4.303777,0.106765,-0.010927,0.718150,-0.000676,-0.015136,-0.695715
6.270000,0.308310,-5.454362,-0.284097,4.287151,0.182486,0.015658,0.725605,-0.001089,-0.015289,-0.687932
6.300000,0.436614,-5.447679,-0.283234,4.266462,0.263037,0.041871,0.733051,-0.001380,-0.015203,-0.679996
6.330000,0.564259,-5.438465,-0.281581,4.243186,0.351277,0.068357,0.740627,-0.001032,-0.014700,-0.671749
6.360000,0.691174,-5.426483,-0.279127,4.217821,0.447482,0.095260,0.747904,-0.001774,-0.014026,-0.663652
6.390000,0.817299,-5.411514,-0.275887,4.190524,0.550470,0.120737,0.754968,-0.003178,-0.012779,-0.655626
6.420000,0.942591,-5.393389,-0.271944,4.162238,0.657860,0.142135,0.761074,-0.006880,-0.011186,-0.648530
6.450000,1.067040,-5.371972,-0.267414,4.134365,0.769923,0.159854,0.767614,-0.008280,-0.008796,-0.640797
6.480000,1.190651,-5.347175,-0.262356,4.106406,0.883203,0.177314,0.774748,-0.009025,-0.007701,-0.632157
6.510000,1.313432,-5.319032,-0.256770,4.078978,0.992992,0.195112,0.781827,-0.009146,-0.007195,-0.623386
6.540000,1.435404,-5.287698,-0.250633,4.052475,1.095949,0.214016,0.789555,-0.009417,-0.006947,-0.613567
6.570000,1.556586,-5.253379,-0.243914,4.026326,1.191982,0.233924,0.796448,-0.009358,-0.006581,-0.604598
6.600000,1.676982,-5.216269,-0.236587,4.000085,1.282016,0.254532,0.803393,-0.009319,-0.006304,-0.595342
6.630000,1.796579,-5.176550,-0.228641,3.973084,1.365906,0.275212,0.810383,-0.009388,-0.006172,-0.585793
6.660000,1.915344,-5.134367,-0.220065,3.944574,1.446334,0.296490,0.815857,-0.009474,-0.004370,-0.578160
6.690000,2.033231,-5.089808,-0.210855,3.914545,1.524271,0.317497,0.822734,-0.010080,-0.004362,-0.568321
6.720000,2.150155,-5.042933,-0.201046,3.880387,1.600706,0.336480,0.829122,-0.010064,-0.004004,-0.558963
6.750000,2.266003,-4.993785,-0.190682,3.842804,1.675869,0.354417,0.835516,-0.009703,-0.003717,-0.549368
6.780000,2.380672,-4.942398,-0.179801,3.801793,1.749892,0.371011,0.841870,-0.008995,-0.003572,-0.539593
6.810000,2.494057,-4.888812,-0.168441,3.757197,1.822493,0.386349,0.848288,-0.007992,-0.003814,-0.529461
6.840000,2.606047,-4.833064,-0.156640,3.708841,1.894040,0.400340,0.854249,-0.007220,-0.003337,-0.519803
6.870000,2.716542,-4.775182,-0.144433,3.657444,1.964815,0.413478,0.860231,-0.006771,-0.003078,-0.509851
6.900000,2.825449,-4.715187,-0.131848,3.603018,2.034796,0.425525,0.866096,-0.006508,-0.002785,-0.499827
6.930000,2.932685,-4.653105,-0.118922,3.546090,2.104015,0.436228,0.871884,-0.006399,-0.002450,-0.489665
6.960000,3.038185,-4.588955,-0.105691,3.487245,2.172683,0.445810,0.877620,-0.006423,-0.002039,-0.479310
6.990000,3.141896,-4.522764,-0.092191,3.426801,2.240048,0.454167,0.883409,-0.006578,-0.001481,-0.468555
7.020000,3.243775,-4.454574,-0.078464,3.365153,2.305937,0.460987,0.889031,-0.006508,-0.001460,-0.457799
7.050000,3.343770,-4.384411,-0.064555,3.301169,2.371601,0.466266,0.894184,-0.006484,-0.000800,-0.447652
7.080000,3.441812,-4.312277,-0.050516,3.234971,2.437333,0.469690,0.899604,-0.006517,-0.000475,-0.436658
7.110000,3.537824,-4.238172,-0.036408,3.165801,2.503008,0.470829,0.904629,-0.006463,-0.000037,-0.426151
7.140000,3.631714,-4.162087,-0.022302,3.093549,2.569327,0.469549,0.909700,-0.006437,0.000347,-0.415217
7.170000,3.723382,-4.084005,-0.008273,3.017678,2.636148,0.465721,0.914549,-0.006387,0.000732,-0.404424
7.200000,3.812719,-4.003900,0.005594,2.938108,2.704154,0.458758,0.919321,-0.006377,0.001102,-0.393455
7.230000,3.899607,-3.921732,0.019199,2.854419,2.773722,0.448283,0.923932,-0.006441,0.001461,-0.382499
7.260000,3.983915,-3.837441,0.032430,2.766085,2.845701,0.433744,0.928414,-0.006722,0.001768,-0.371482
7.290000,4.065486,-3.750938,0.045157,2.671986,2.921157,0.414735,0.932856,-0.006597,0.002029,-0.360184
7.320000,4.144128,-3.662086,0.057233,2.570809,3.002273,0.390335,0.936900,-0.005872,0.001595,-0.349543
7.350000,4.219630,-3.570703,0.068491,2.462718,3.089961,0.360162,0.941107,-0.005031,0.001468,-0.338067
7.380000,4.291811,-3.476600,0.078760,2.349347,3.183548,0.324440,0.944876,-0.003196,0.000117,-0.327414
7.410000,4.360546,-3.379623,0.087900,2.232972,3.281616,0.284914,0.948811,-0.002004,0.000192,-0.315838
7.440000,4.425815,-3.279700,0.095841,2.118257,3.379868,0.244501,0.952693,-0.001029,-0.000574,-0.303932
7.470000,4.487707,-3.176884,0.102559,2.007914,3.474534,0.203342,0.956888,0.000225,-0.001246,-0.290454
7.500000,4.546377,-3.071253,0.108042,1.903395,3.567549,0.162194,0.959815,0.000652,-0.003073,-0.280616
7.530000,4.602004,-2.962804,0.112323,1.805101,3.662404,0.123187,0.963364,0.000672,-0.003861,-0.268170
7.560000,4.654805,-2.851502,0.115501,1.714969,3.757692,0.088691,0.966306,0.000642,-0.005336,-0.257340
7.590000,4.705073,-2.737343,0.117723,1.636237,3.852964,0.059482,0.969369,0.000573,-0.006752,-0.245517
7.620000,4.753210,-2.620379,0.119171,1.572878,3.944587,0.037045,0.972108,0.000567,-0.008339,-0.234385
7.650000,4.799759,-2.500772,0.120073,1.530361,4.029231,0.023085,0.974702,0.000894,-0.009686,-0.223295
7.680000,4.845424,-2.378818,0.120692,1.513999,4.101008,0.018200,0.977392,-0.000283,-0.011540,-0.211120
7.710000,4.891077,-2.254974,0.121327,1.529495,4.155317,0.024129,0.979811,-0.002268,-0.011954,-0.199556
7.740000,4.937756,-2.129903,0.122345,1.582477,4.182738,0.043687,0.982859,-0.006136,-0.011980,-0.183868
7.770000,4.986312,-2.004297,0.124083,1.654576,4.191001,0.072179,0.984215,-0.006533,-0.012858,-0.176386
7.800000,5.036793,-1.878482,0.126693,1.710840,4.196652,0.101856,0.985958,-0.006398,-0.014738,-0.166218
7.830000,5.088396,-1.752291,0.130073,1.729363,4.216079,0.123499,0.985360,-0.005375,-0.019373,-0.169296
7.860000,5.139813,-1.625368,0.133998,1.698401,4.245422,0.138163,0.988863,-0.004856,-0.016366,-0.147846
7.890000,5.189824,-1.497689,0.138315,1.635673,4.266534,0.149589,0.989245,-0.004579,-0.018252,-0.145054
7.920000,5.237687,-1.369483,0.142862,1.555191,4.280512,0.153559,0.991181,-0.005854,-0.017398,-0.131238
7.950000,5.282935,-1.241100,0.147429,1.461347,4.278348,0.150927,0.991848,-0.007472,-0.018177,-0.125904
7.980000,5.325202,-1.112982,0.151825,1.356468,4.262861,0.142137,0.993145,-0.007602,-0.016823,-0.115424
8.010000,5.364115,-0.985542,0.155881,1.237729,4.233136,0.128259,0.994188,-0.007063,-0.016186,-0.106200
8.040000,5.399248,-0.859145,0.159421,1.104506,4.193330,0.107773,0.995149,-0.006068,-0.016198,-0.096844
8.070000,5.430196,-0.734015,0.162210,0.958638,4.148704,0.078115,0.995565,-0.004871,-0.018933,-0.092021
8.100000,5.456575,-0.610241,0.164008,0.800012,4.102895,0.041785,0.996713,-0.004949,-0.017219,-0.079012
8.130000,5.478062,-0.487827,0.164703,0.632420,4.058038,0.004497,0.997569,-0.004462,-0.015958,-0.067686
8.160000,5.494494,-0.366655,0.164263,0.463035,4.020069,-0.033768,0.998323,-0.003833,-0.015350,-0.055694
8.190000,5.505890,-0.246506,0.162673,0.296725,3.989902,-0.072293,0.998984,-0.002874,-0.015388,-0.042258
8.220000,5.512427,-0.127151,0.159941,0.139077,3.967090,-0.109787,0.999458,-0.002133,-0.015505,-0.028978
8.250000,5.514459,-0.008395,0.156115,-0.003607,3.949978,-0.145276,0.999766,-0.001804,-0.015753,-0.014685
8.280000,5.512488,0.109954,0.151265,-0.127793,3.939929,-0.178082,0.999868,-0.001171,-0.015917,-0.003112
8.310000,5.507068,0.228126,0.145484,-0.233525,3.938198,-0.207292,0.999822,-0.000935,-0.016036,0.009941
8.340000,5.498744,0.346305,0.138892,-0.321414,3.940430,-0.232191,0.999583,-0.001096,-0.015917,0.024079
8.370000,5.488009,0.464608,0.131608,-0.394273,3.946437,-0.253390,0.999222,-0.001459,-0.016488,0.035798
8.400000,5.475205,0.583134,0.123736,-0.459342,3.955295,-0.271451,0.998597,-0.003111,-0.016562,0.050199
8.430000,5.460455,0.701961,0.115363,-0.523957,3.966501,-0.286736,0.997970,-0.003720,-0.017474,0.061123
8.460000,5.443696,0.821166,0.106574,-0.593343,3.980477,-0.299170,0.997080,-0.004248,-0.017934,0.074100
8.490000,5.424798,0.940778,0.097469,-0.666497,3.993674,-0.307873,0.995896,-0.004121,-0.018726,0.088454
8.520000,5.403619,1.060737,0.088154,-0.745472,4.003626,-0.313133,0.994889,-0.004243,-0.018632,0.099154
8.550000,5.379947,1.180897,0.078736,-0.832626,4.006992,-0.314716,0.993573,-0.003953,-0.018292,0.111636
8.580000,5.353533,1.300991,0.069300,-0.928320,3.999307,-0.314377,0.992347,-0.003106,-0.017947,0.122129
8.610000,5.324105,1.420684,0.059890,-1.033538,3.980207,-0.312900,0.990986,-0.002311,-0.017002,0.132864
8.640000,5.291414,1.539654,0.050530,-1.145895,3.951119,-0.311152,0.989560,-0.001733,-0.016442,0.143173
8.670000,5.255307,1.657648,0.041217,-1.261214,3.915143,-0.309722,0.987837,-0.001243,-0.015340,0.154729
8.700000,5.215803,1.774526,0.031954,-1.372394,3.876772,-0.307762,0.986104,-0.000412,-0.013984,0.165537
8.730000,5.173081,1.890270,0.022753,-1.475711,3.839464,-0.305665,0.984156,-0.000233,-0.013006,0.176825
8.760000,5.127359,2.004916,0.013603,-1.572419,3.803596,-0.304338,0.982042,-0.000159,-0.012271,0.188263
8.790000,5.078826,2.118509,0.004478,-1.663163,3.769277,-0.304019,0.979634,-0.000037,-0.011484,0.200461
8.820000,5.027645,2.231103,-0.004649,-1.748908,3.737008,-0.304430,0.977236,0.000309,-0.010659,0.211889
8.850000,4.973946,2.342759,-0.013797,-1.830978,3.706680,-0.305426,0.974890,0.000153,-0.009534,0.222485
8.880000,4.917829,2.453499,-0.022984,-1.910166,3.676025,-0.307005,0.972163,0.000225,-0.009033,0.234132
8.910000,4.859374,2.563294,-0.032225,-1.986824,3.643634,-0.309090,0.969612,0.000135,-0.008071,0.244515
8.940000,4.798653,2.672090,-0.041531,-2.061277,3.609454,-0.311300,0.966594,0.000291,-0.007481,0.256201
8.970000,4.735722,2.779819,-0.050902,-2.134091,3.572452,-0.313421,0.963817,0.000450,-0.006582,0.266484
9.000000,4.670617,2.886396,-0.060338,-2.206249,3.532689,-0.315674,0.960524,0.001022,-0.006280,0.278124
9.030000,4.603340,2.991718,-0.069829,-2.278909,3.488783,-0.317027,0.957438,0.001109,-0.004628,0.288601
9.060000,4.533882,3.095673,-0.079347,-2.351619,3.441554,-0.317513,0.953944,0.001147,-0.004720,0.299947
9.090000,4.462229,3.198160,-0.088879,-2.425223,3.390927,-0.317988,0.950642,0.000954,-0.003790,0.310266
9.120000,4.388356,3.299090,-0.098431,-2.499629,3.337684,-0.318803,0.946965,0.000488,-0.004315,0.321307
9.150000,4.312230,3.398370,-0.108015,-2.575454,3.280978,-0.320146,0.943354,0.000158,-0.003459,0.331771
9.180000,4.233829,3.495917,-0.117625,-2.651263,3.222209,-0.320507,0.939404,0.000033,-0.003421,0.342794
9.210000,4.153156,3.591675,-0.127230,-2.726990,3.161635,-0.319827,0.935598,-0.000096,-0.002782,0.353056
9.240000,4.070217,3.685595,-0.136784,-2.802247,3.099719,-0.317124,0.931422,-0.000139,-0.002649,0.363932
9.270000,3.985019,3.777627,-0.146229,-2.877624,3.035703,-0.312496,0.927327,-0.000070,-0.002036,0.374246
9.300000,3.897560,3.867708,-0.155501,-2.952964,2.969687,-0.305647,0.922967,-0.000126,-0.001921,0.384874
9.330000,3.807844,3.955778,-0.164542,-3.028091,2.901691,-0.297088,0.918627,-0.000234,-0.001580,0.395122
9.360000,3.715876,4.041786,-0.173298,-3.103100,2.832164,-0.286673,0.914078,-0.000347,-0.001433,0.405535
9.390000,3.621665,4.125684,-0.181721,-3.177650,2.761058,-0.274834,0.909514,-0.000488,-0.001168,0.415672
9.420000,3.525232,4.207434,-0.189768,-3.251201,2.688920,-0.261617,0.904750,-0.000692,-0.000953,0.425941
9.450000,3.426623,4.287015,-0.197408,-3.322787,2.616511,-0.247709,0.899961,-0.000622,-0.000789,0.435969
9.480000,3.325920,4.364432,-0.204627,-3.390720,2.544610,-0.233616,0.894633,-0.000263,-0.000562,0.446802
9.510000,3.223244,4.439704,-0.211423,-3.454327,2.473489,-0.219418,0.890171,-0.000445,-0.000302,0.455627
9.540000,3.118704,4.512838,-0.217793,-3.515015,2.402140,-0.205275,0.884448,-0.000503,-0.000240,0.466638
9.570000,3.012391,4.583813,-0.223744,-3.572504,2.329545,-0.191469,0.880007,-0.000212,-0.000140,0.474961
9.600000,2.904399,4.652593,-0.229309,-3.627021,2.255732,-0.179476,0.874216,0.000877,-0.000516,0.485536
9.630000,2.794822,4.719117,-0.234525,-3.678080,2.179242,-0.168300,0.869317,0.000660,0.000569,0.494255
9.660000,2.683765,4.783330,-0.239404,-3.725756,2.101631,-0.156913,0.863511,0.000501,-0.000148,0.504330
9.690000,2.571309,4.845184,-0.243945,-3.771283,2.021942,-0.145843,0.858259,0.000376,0.000279,0.513217
9.720000,2.457522,4.904619,-0.248148,-3.814507,1.940379,-0.134386,0.852382,0.000295,0.000039,0.522919
9.750000,2.342466,4.961566,-0.251997,-3.855891,1.856131,-0.122214,0.846900,0.000150,0.000070,0.531753
9.780000,2.226189,5.015944,-0.255462,-3.895892,1.769027,-0.108739,0.840919,-0.000283,-0.000059,0.541160
9.810000,2.108731,5.067666,-0.258503,-3.934698,1.679104,-0.094035,0.835004,-0.000113,-0.000239,0.550244
9.840000,1.990137,5.116660,-0.261090,-3.971543,1.587186,-0.078420,0.828906,0.000009,-0.000278,0.559387
9.870000,1.870476,5.162887,-0.263189,-4.005855,1.494627,-0.061506,0.823320,0.000092,-0.000409,0.567577
9.900000,1.749830,5.206330,-0.264757,-4.037214,1.401581,-0.043022,0.816933,-0.000163,-0.000752,0.576733
9.930000,1.628267,5.246980,-0.265735,-4.066966,1.308400,-0.022193,0.810837,-0.001023,-0.001162,0.585269
9.960000,1.505826,5.284846,-0.266064,-4.095765,1.215993,0.000237,0.803653,-0.000771,-0.002064,0.595094
9.990000,1.382533,5.319943,-0.265722,-4.123771,1.123792,0.022599,0.797689,-0.000630,-0.001924,0.603066
10.020000,1.284276,5.346236,-0.263078,-3.934282,0.990072,0.078536,0.788245,-0.000541,-0.002180,0.615357
10.050000,1.166154,5.374348,-0.260266,-3.940497,0.884085,0.108927,0.780700,-0.000580,-0.002355,0.624902
10.080000,1.047774,5.399201,-0.256531,-3.951529,0.772776,0.140074,0.772915,-0.000655,-0.002347,0.634505
10.110000,0.928992,5.420657,-0.251852,-3.967250,0.657614,0.171852,0.765157,-0.000710,-0.002245,0.643839
10.140000,0.809668,5.438626,-0.246216,-3.987650,0.540305,0.203873,0.757212,-0.000857,-0.002106,0.653165
10.170000,0.689661,5.453064,-0.239621,-4.012838,0.422260,0.235785,0.749145,-0.001151,-0.001991,0.662403
10.200000,0.568829,5.463971,-0.232081,-4.042618,0.304877,0.266874,0.740592,-0.001796,-0.002064,0.671950
10.230000,0.447040,5.471383,-0.223632,-4.076675,0.189200,0.296370,0.731534,-0.002569,-0.002039,0.681797
10.260000,0.324160,5.475365,-0.214326,-4.115296,0.076274,0.324073,0.723360,-0.002863,-0.001416,0.690464
10.290000,0.200064,5.476017,-0.204222,-4.157803,-0.032811,0.349526,0.715063,-0.002921,-0.000673,0.699054
10.320000,0.074657,5.473492,-0.193393,-4.202665,-0.135476,0.372363,0.707236,-0.002855,0.000640,0.706972
10.350000,-0.052101,5.468027,-0.181915,-4.247864,-0.228909,0.392846,0.699044,-0.002969,0.001606,0.715071
10.380000,-0.180199,5.459941,-0.169864,-4.291975,-0.310146,0.410581,0.690807,-0.002852,0.002494,0.723029
10.410000,-0.309575,5.449659,-0.157329,-4.333110,-0.375272,0.425055,0.682377,-0.002255,0.003470,0.730989
10.440000,-0.440089,5.437741,-0.144418,-4.367837,-0.419314,0.435686,0.673073,-0.000642,0.004617,0.739561
10.470000,-0.571466,5.424717,-0.131242,-4.390600,-0.448920,0.442748,0.666276,0.000039,0.005282,0.745686
10.500000,-0.703311,5.410787,-0.117906,-4.399049,-0.479735,0.446302,0.661842,0.001782,0.005311,0.749623
10.530000,-0.835097,5.395821,-0.104510,-4.386679,-0.518051,0.446761,0.653410,0.000927,0.006382,0.756977
10.560000,-0.966207,5.379589,-0.091075,-4.354019,-0.564068,0.448886,0.650777,-0.001002,0.009945,0.759203
10.590000,-1.096015,5.361864,-0.077578,-4.299858,-0.617569,0.450955,0.637920,-0.000480,0.009318,0.770046
10.620000,-1.223890,5.342354,-0.064062,-4.225144,-0.683091,0.450085,0.631128,-0.001345,0.009253,0.775622
10.650000,-1.349385,5.320700,-0.050594,-4.141203,-0.760520,0.447768,0.621042,-0.000852,0.008343,0.783732
10.680000,-1.472265,5.296580,-0.037222,-4.050754,-0.847479,0.443698,0.612440,-0.001018,0.007732,0.790479
10.710000,-1.592431,5.269739,-0.023972,-3.960325,-0.941907,0.439641,0.602495,-0.001135,0.006697,0.798094
10.740000,-1.709928,5.240010,-0.010846,-3.872839,-1.040041,0.435459,0.591036,-0.000549,0.005875,0.806623
10.770000,-1.824923,5.207295,0.002156,-3.793493,-1.140966,0.431342,0.582648,-0.000723,0.005571,0.812705
10.800000,-1.937689,5.171518,0.015040,-3.724232,-1.244185,0.427596,0.570616,-0.000715,0.004811,0.821203
10.830000,-2.048534,5.132634,0.027804,-3.665422,-1.348065,0.423283,0.562154,-0.000561,0.004292,0.827021
10.860000,-2.157778,5.090637,0.040416,-3.617504,-1.451716,0.417541,0.549264,-0.000663,0.003408,0.835642
10.890000,-2.265696,5.045531,0.052842,-3.577019,-1.555364,0.410831,0.541398,-0.000478,0.002969,0.840761
10.920000,-2.372480,4.997320,0.065062,-3.541902,-1.658689,0.403877,0.528083,-0.000570,0.002900,0.849187
10.950000,-2.478245,4.946044,0.077079,-3.509146,-1.759709,0.397217,0.520368,-0.000294,0.002389,0.853939
10.980000,-2.583066,4.891763,0.088903,-3.478923,-1.859012,0.391059,0.506814,-0.000128,0.002292,0.862052
11.010000,-2.686965,4.834530,0.100546,-3.447679,-1.956576,0.385139,0.499388,-0.000098,0.002215,0.866376
11.040000,-2.789915,4.774400,0.112000,-3.415595,-2.052087,0.378452,0.485500,0.000242,0.002037,0.874234
11.070000,-2.891850,4.711430,0.123237,-3.380107,-2.145877,0.370683,0.479136,-0.000021,0.002069,0.877738
11.100000,-2.992686,4.645680,0.134211,-3.342272,-2.237465,0.360957,0.464351,0.000576,0.001916,0.885649
11.130000,-3.092334,4.577218,0.144862,-3.300930,-2.326704,0.349109,0.458733,-0.000036,0.001949,0.888572
11.160000,-3.190709,4.506095,0.155115,-3.257406,-2.414830,0.334390,0.443314,0.000802,0.001649,0.896364
11.190000,-3.287708,4.432339,0.164878,-3.209215,-2.502231,0.316468,0.437694,0.000053,0.001434,0.899123
11.220000,-3.383233,4.355954,0.174060,-3.159088,-2.590072,0.295697,0.422773,0.000657,0.001080,0.906235
11.250000,-3.477205,4.276955,0.182576,-3.105746,-2.676559,0.272018,0.416443,0.000275,0.000944,0.909161
11.280000,-3.569565,4.195352,0.190349,-3.051586,-2.763602,0.246203,0.402376,0.000633,0.000736,0.915474
11.310000,-3.660272,4.111162,0.197312,-2.995566,-2.849072,0.217984,0.395184,0.000540,0.000590,0.918602
11.340000,-3.749296,4.024415,0.203405,-2.939314,-2.934044,0.188210,0.381530,0.000742,0.000288,0.924356
11.370000,-3.836614,3.935152,0.208586,-2.881885,-3.016863,0.157176,0.373100,0.000443,-0.000225,0.927791
11.400000,-3.922237,3.843428,0.212811,-2.826346,-3.098034,0.124531,0.360854,0.001103,-0.000324,0.932622
11.430000,-4.006201,3.749322,0.216026,-2.771215,-3.175720,0.089760,0.351745,0.001228,-0.000223,0.936095
11.460000,-4.088523,3.652925,0.218170,-2.716918,-3.250764,0.053180,0.340026,0.002366,0.000050,0.940413
11.490000,-4.169208,3.554332,0.219178,-2.662126,-3.322062,0.014044,0.330433,0.003697,0.000948,0.943822
11.520000,-4.248237,3.453657,0.218993,-2.606452,-3.389610,-0.026374,0.319185,0.004425,0.001213,0.947681
11.550000,-4.325576,3.351009,0.217613,-2.549519,-3.453626,-0.065656,0.309785,0.005360,0.001686,0.950790
11.580000,-4.401169,3.246477,0.215091,-2.489999,-3.515160,-0.102423,0.298748,0.006736,0.002140,0.954306
11.610000,-4.474903,3.140122,0.211529,-2.425588,-3.575198,-0.135071,0.289777,0.007930,0.003595,0.957054
11.640000,-4.546635,3.031999,0.207066,-2.356569,-3.632958,-0.162477,0.278225,0.009572,0.004209,0.960459
11.670000,-4.616229,2.922178,0.201863,-2.283024,-3.688483,-0.184354,0.268963,0.010950,0.004771,0.963077
11.700000,-4.683560,2.810697,0.196106,-2.205697,-3.743543,-0.199480,0.258663,0.012394,0.005949,0.965870
11.730000,-4.748504,2.697569,0.189984,-2.123921,-3.798343,-0.208657,0.249897,0.014734,0.005995,0.968142
11.760000,-4.810926,2.582790,0.183674,-2.037496,-3.853580,-0.212010,0.238153,0.015439,0.005892,0.971087
11.790000,-4.870728,2.466397,0.177350,-1.949308,-3.905940,-0.209599,0.228464,0.016976,0.005696,0.973388
11.820000,-4.927891,2.348499,0.171150,-1.861603,-3.953973,-0.203719,0.217064,0.017986,0.005739,0.975975
11.850000,-4.982453,2.229261,0.165172,-1.775870,-3.995221,-0.194780,0.208075,0.018936,0.005503,0.977914
11.880000,-5.034471,2.108896,0.159493,-1.691991,-4.029110,-0.183864,0.196072,0.019409,0.004861,0.980385
11.910000,-5.084001,1.987653,0.154175,-1.609981,-4.053708,-0.170631,0.187011,0.019033,0.003551,0.982167
11.940000,-5.131131,1.865823,0.149268,-1.532019,-4.068317,-0.156513,0.175934,0.018896,0.001956,0.984219
11.970000,-5.175959,1.743682,0.144756,-1.456498,-4.074412,-0.144281,0.166957,0.018962,0.000824,0.985782
12.000000,-5.218472,1.621392,0.140567,-1.377743,-4.078276,-0.134987,0.153646,0.018494,-0.001146,0.987952
12.030000,-5.258515,1.498953,0.136608,-1.291783,-4.084282,-0.128981,0.143208,0.017670,-0.002207,0.989532
12.060000,-5.295892,1.376293,0.132791,-1.200034,-4.093106,-0.125471,0.131826,0.016584,-0.002623,0.991131
12.090000,-5.330434,1.253362,0.129049,-1.102753,-4.102249,-0.124012,0.120852,0.015557,-0.002499,0.992545
12.120000,-5.361973,1.130164,0.125318,-0.999817,-4.110991,-0.124690,0.109791,0.014765,-0.001791,0.993843
12.150000,-5.390333,1.006726,0.121513,-0.890869,-4.118189,-0.128982,0.099292,0.014871,-0.000363,0.994947
12.180000,-5.415372,0.883105,0.117538,-0.778386,-4.123219,-0.136027,0.088799,0.013209,-0.000497,0.995962
12.210000,-5.437071,0.759362,0.113337,-0.668253,-4.126308,-0.144049,0.077279,0.012013,-0.000258,0.996937
12.240000,-5.455548,0.635563,0.108854,-0.563549,-4.126940,-0.154786,0.065555,0.010835,0.000759,0.997790
12.270000,-5.470961,0.511758,0.104023,-0.463958,-4.126731,-0.167308,0.054273,0.009019,0.001216,0.998485
12.300000,-5.483405,0.387940,0.098801,-0.365636,-4.127828,-0.180826,0.042147,0.007906,0.001395,0.999079
12.330000,-5.492861,0.264057,0.093153,-0.264790,-4.131019,-0.195667,0.029990,0.006202,0.001736,0.999529
12.360000,-5.499246,0.140030,0.087052,-0.160854,-4.137473,-0.211089,0.018054,0.004993,0.001914,0.999823
12.390000,-5.502480,0.015771,0.080478,-0.054727,-4.146459,-0.227176,0.006252,0.003421,0.002285,0.999972
12.420000,-5.502528,-0.108779,0.073440,0.051480,-4.156881,-0.242045,0.005613,-0.000907,-0.003466,-0.999978
12.450000,-5.499428,-0.233623,0.065983,0.155242,-4.166051,-0.255103,0.017888,0.000509,-0.003236,-0.999835
12.480000,-5.493247,-0.358714,0.058161,0.256802,-4.173357,-0.266350,0.029174,0.002684,-0.001475,-0.999570
12.510000,-5.484064,-0.483978,0.050026,0.355403,-4.177522,-0.275976,0.041146,0.003246,-0.001034,-0.999147
12.540000,-5.471982,-0.609284,0.041602,0.450042,-4.176201,-0.285645,0.052123,0.003908,-0.000429,-0.998633
12.570000,-5.457138,-0.734466,0.032899,0.539583,-4.169290,-0.294532,0.063500,0.004625,0.000073,-0.997971
12.600000,-5.439669,-0.859349,0.023936,0.625014,-4.156279,-0.303002,0.074324,0.004832,0.001148,-0.997222
12.630000,-5.419674,-0.983767,0.014734,0.707984,-4.138228,-0.310490,0.085032,0.005803,0.001648,-0.996360
12.660000,-5.397219,-1.107558,0.005337,0.788994,-4.114477,-0.315956,0.096608,0.006463,0.001745,-0.995300
12.690000,-5.372363,-1.230560,-0.004199,0.868067,-4.085667,-0.319753,0.107636,0.006985,0.002257,-0.994163
12.720000,-5.345162,-1.352663,-0.013848,0.945348,-4.054532,-0.323552,0.118456,0.006550,0.003944,-0.992930
12.750000,-5.315659,-1.473811,-0.023611,1.021545,-4.022026,-0.327272,0.129863,0.007246,0.004194,-0.991497
12.780000,-5.283899,-1.593951,-0.033456,1.095753,-3.987316,-0.329087,0.141093,0.007862,0.003575,-0.989959
12.810000,-5.249931,-1.713005,-0.043328,1.168824,-3.949570,-0.329049,0.152719,0.008639,0.003437,-0.988226
12.840000,-5.213747,-1.830879,-0.053174,1.243437,-3.908698,-0.327332,0.164191,0.009335,0.002863,-0.986380
12.870000,-5.175249,-1.947458,-0.062937,1.323059,-3.863251,-0.323578,0.177023,0.010700,0.001906,-0.984147
12.900000,-5.134275,-2.062611,-0.072562,1.408567,-3.813659,-0.318082,0.188905,0.011300,0.000904,-0.981930
12.930000,-5.090657,-2.176261,-0.082015,1.499273,-3.762977,-0.312075,0.201112,0.011734,0.000249,-0.979498
12.960000,-5.044287,-2.288387,-0.091294,1.592105,-3.712107,-0.306548,0.215750,0.011580,-0.000628,-0.976380
12.990000,-4.995096,-2.399016,-0.100417,1.687263,-3.663133,-0.301624,0.224914,0.011868,-0.000846,-0.974306
13.020000,-4.943019,-2.508211,-0.109391,1.784523,-3.616572,-0.296681,0.238288,0.011578,-0.000647,-0.971125
13.050000,-4.888011,-2.616017,-0.118224,1.882724,-3.570485,-0.292185,0.247871,0.011166,-0.000518,-0.968729
13.080000,-4.830045,-2.722443,-0.126926,1.981629,-3.524534,-0.287908,0.260794,0.011085,-0.000287,-0.965331
13.110000,-4.769122,-2.827486,-0.135491,2.079932,-3.478378,-0.283134,0.269821,0.011354,0.000153,-0.962844
13.140000,-4.705272,-2.931140,-0.143912,2.176755,-3.431876,-0.278249,0.283428,0.010514,-0.000307,-0.958936
13.170000,-4.638556,-3.033380,-0.152188,2.270966,-3.384121,-0.273481,0.292479,0.010486,-0.000252,-0.956215
13.200000,-4.569076,-3.134210,-0.160332,2.361020,-3.337857,-0.269456,0.305295,0.009174,0.000146,-0.952214
13.230000,-4.496962,-3.233656,-0.168372,2.446598,-3.291910,-0.266543,0.314609,0.008742,0.000297,-0.949181
13.260000,-4.422344,-3.331732,-0.176329,2.527889,-3.246491,-0.263928,0.327093,0.008042,0.000232,-0.944958
13.290000,-4.345350,-3.428433,-0.184205,2.605051,-3.200222,-0.261114,0.336604,0.007578,0.000062,-0.941616
13.320000,-4.266085,-3.523731,-0.191981,2.679288,-3.152983,-0.257275,0.348517,0.006955,-0.000048,-0.937277
13.350000,-4.184635,-3.617576,-0.199622,2.750707,-3.103340,-0.252128,0.358207,0.006307,-0.000372,-0.933621
13.380000,-4.101056,-3.709885,-0.207080,2.821224,-3.050583,-0.245101,0.369665,0.005790,-0.000692,-0.929147
13.410000,-4.015362,-3.800533,-0.214280,2.891721,-2.992654,-0.234884,0.379878,0.005480,-0.001452,-0.925019
13.440000,-3.927540,-3.889362,-0.221121,2.963086,-2.929240,-0.221217,0.390722,0.004806,-0.001852,-0.920494
13.470000,-3.837561,-3.976203,-0.227499,3.035497,-2.860190,-0.203947,0.400945,0.003945,-0.001984,-0.916092
13.500000,-3.745387,-4.060893,-0.233302,3.109463,-2.785834,-0.182955,0.411410,0.003003,-0.001716,-0.911444
13.530000,-3.650965,-4.143272,-0.238413,3.185307,-2.706055,-0.157792,0.421209,0.001927,-0.000954,-0.906961
13.560000,-3.554249,-4.223204,-0.242722,3.262465,-2.622793,-0.129455,0.431688,0.000580,-0.001176,-0.902022
13.590000,-3.455237,-4.300614,-0.246132,3.338332,-2.537871,-0.097848,0.441535,0.000305,-0.000891,-0.897244
13.620000,-3.354000,-4.375493,-0.248548,3.410815,-2.454057,-0.063226,0.451966,-0.000834,-0.001180,-0.892034
13.650000,-3.250668,-4.447895,-0.249893,3.477967,-2.372688,-0.026463,0.461313,-0.001096,-0.001644,-0.887235
13.680000,-3.145427,-4.517913,-0.250105,3.538115,-2.295230,0.012351,0.471916,-0.001778,-0.001904,-0.881640
13.710000,-3.038494,-4.585670,-0.249119,3.590731,-2.221854,0.053384,0.481662,-0.002230,-0.001621,-0.876353
13.740000,-2.930060,-4.651275,-0.246879,3.638182,-2.151851,0.095924,0.491537,-0.002379,-0.002305,-0.870851
13.770000,-2.820251,-4.714781,-0.243368,3.682402,-2.081902,0.138151,0.501374,-0.002763,-0.002611,-0.865223
13.800000,-2.709129,-4.776161,-0.238604,3.725733,-2.010047,0.179427,0.511252,-0.003035,-0.002696,-0.859421
13.830000,-2.596698,-4.835339,-0.232626,3.769710,-1.935179,0.219115,0.521030,-0.003372,-0.002639,-0.853528
13.860000,-2.482931,-4.892221,-0.225487,3.814759,-1.856965,0.256853,0.530571,-0.003443,-0.002541,-0.847630
13.890000,-2.367807,-4.946704,-0.217235,3.860154,-1.775204,0.293288,0.540079,-0.003537,-0.002332,-0.841604
13.920000,-2.251317,-4.998679,-0.207906,3.905877,-1.689844,0.328638,0.549239,-0.003577,-0.001818,-0.835656
13.950000,-2.133466,-5.048051,-0.197531,3.950808,-1.601585,0.363045,0.558750,-0.003561,-0.001346,-0.829328
13.980000,-2.014301,-5.094755,-0.186136,3.993518,-1.512004,0.396580,0.567717,-0.003286,-0.000964,-0.823217
14.010000,-1.893904,-5.138769,-0.173751,4.032941,-1.422304,0.429116,0.576731,-0.003352,-0.000488,-0.816927
14.040000,-1.772382,-5.180093,-0.160403,4.068586,-1.332595,0.460711,0.586324,-0.003132,0.000093,-0.810071
14.070000,-1.649829,-5.218729,-0.146127,4.101614,-1.243117,0.491056,0.594664,-0.003010,0.001144,-0.803968
14.100000,-1.526311,-5.254689,-0.130961,4.132907,-1.154242,0.520011,0.603918,-0.002328,0.001871,-0.797041
14.130000,-1.401900,-5.288001,-0.114944,4.161155,-1.066596,0.547753,0.612604,-0.001080,0.002357,-0.790386
14.160000,-1.276702,-5.318720,-0.098118,4.185350,-0.981296,0.574014,0.621781,0.000476,0.002861,-0.783186
14.190000,-1.150853,-5.346953,-0.080561,4.204627,-0.900897,0.596456,0.630357,0.001154,0.001297,-0.776304
14.220000,-1.024519,-5.372816,-0.062366,4.217592,-0.823293,0.616534,0.639326,0.003128,0.003486,-0.768923
14.250000,-0.897902,-5.396376,-0.043584,4.223569,-0.747422,0.635583,0.647368,0.003206,0.003591,-0.762164
14.280000,-0.771222,-5.417627,-0.024281,4.221765,-0.669305,0.651303,0.656101,0.005127,0.004518,-0.754645
14.310000,-0.644737,-5.436478,-0.004571,4.210546,-0.587437,0.662683,0.664008,0.005867,0.003746,-0.747696
14.340000,-0.518719,-5.452819,0.015393,4.190694,-0.501967,0.668240,0.671804,0.008103,0.005291,-0.740670
14.370000,-0.393383,-5.466584,0.035441,4.164997,-0.415646,0.668280,0.679709,0.009339,0.005529,-0.733406
14.400000,-0.268839,-5.477684,0.055371,4.137932,-0.324386,0.660388,0.687959,0.011036,0.006204,-0.725644
14.430000,-0.145043,-5.485887,0.074945,4.115181,-0.222457,0.644584,0.697273,0.013438,0.006650,-0.716654
14.460000,-0.021812,-5.490859,0.093923,4.100208,-0.109018,0.620603,0.705614,0.014823,0.006830,-0.708414
14.490000,0.101093,-5.492303,0.112068,4.093454,0.012717,0.589038,0.713961,0.016042,0.007155,-0.699971
14.520000,0.223899,-5.490021,0.129189,4.093601,0.139461,0.552360,0.722147,0.016977,0.007288,-0.691499
14.550000,0.346784,-5.483908,0.145164,4.098717,0.268041,0.512703,0.730303,0.017723,0.007149,-0.682861
14.580000,0.469851,-5.473954,0.159946,4.105790,0.395553,0.472723,0.738411,0.018067,0.006398,-0.674083
14.610000,0.593134,-5.460266,0.173547,4.113080,0.516976,0.433985,0.744809,0.017288,0.005148,-0.667037
14.640000,0.716610,-5.443042,0.186022,4.118597,0.631294,0.397712,0.752714,0.016708,0.004667,-0.658122
14.670000,0.840199,-5.422465,0.197443,4.120694,0.740493,0.363720,0.760427,0.014547,0.004301,-0.649248
14.700000,0.963836,-5.398669,0.207877,4.121775,0.845934,0.331847,0.767655,0.012851,0.005111,-0.640716
14.730000,1.087518,-5.371782,0.217415,4.123718,0.946542,0.304044,0.774467,0.012278,0.005005,-0.632476
14.760000,1.211256,-5.341955,0.226188,4.125462,1.041942,0.280790,0.781715,0.011658,0.004658,-0.623511
14.790000,1.335016,-5.309351,0.234320,4.125195,1.131610,0.261346,0.789461,0.010601,0.004575,-0.613692
14.820000,1.458702,-5.274106,0.241884,4.120574,1.218103,0.242924,0.796609,0.008111,0.004472,-0.604424
14.850000,1.582174,-5.236254,0.248884,4.110840,1.305338,0.223745,0.802880,0.006289,0.004395,-0.596092
14.880000,1.705292,-5.195775,0.255300,4.097043,1.393291,0.204000,0.808536,0.004644,0.004412,-0.588412
14.910000,1.827944,-5.152643,0.261116,4.079748,1.482133,0.183711,0.813859,0.003147,0.004263,-0.581038
14.940000,1.950019,-5.106831,0.266312,4.058617,1.571988,0.162718,0.819150,0.001558,0.004612,-0.573559
14.970000,2.071392,-5.058335,0.270869,4.032902,1.661110,0.141095,0.825769,0.000215,0.004139,-0.563993
15.000000,2.191912,-5.007183,0.274763,4.001738,1.748991,0.118496,0.831802,-0.000638,0.003930,-0.555059
15.030000,2.311434,-4.953406,0.277970,3.966425,1.836174,0.095301,0.837775,-0.001178,0.003720,-0.546002
15.060000,2.429847,-4.897022,0.280478,3.927753,1.922732,0.071894,0.843648,-0.001454,0.003455,-0.536883
15.090000,2.547053,-4.838053,0.282284,3.885975,2.008536,0.048516,0.849444,-0.001531,0.003029,-0.527667
15.120000,2.662964,-4.776521,0.283385,3.841420,2.093624,0.024895,0.855130,-0.001623,0.002828,-0.518403
15.150000,2.777508,-4.712444,0.283782,3.794877,2.178184,0.001549,0.860668,-0.001792,0.002620,-0.509156
15.180000,2.890630,-4.645840,0.283477,3.746600,2.262091,-0.021861,0.866117,-0.002036,0.002445,-0.499831
15.210000,3.002283,-4.576730,0.282471,3.696899,2.345223,-0.045213,0.871478,-0.002368,0.002326,-0.490423
15.240000,3.112431,-4.505138,0.280770,3.646344,2.427557,-0.068217,0.876780,-0.002792,0.002310,-0.480878
15.270000,3.221054,-4.431093,0.278385,3.595203,2.508766,-0.090787,0.882125,-0.003297,0.002523,-0.470997
15.300000,3.328137,-4.354628,0.275323,3.543662,2.588927,-0.113355,0.887190,-0.003503,0.002290,-0.461386
15.330000,3.379236,-4.360572,0.278151,3.241553,2.413091,-0.105774,0.896851,-0.004104,0.002874,-0.442304
15.360000,3.475436,-4.287171,0.274649,3.171771,2.480307,-0.127728,0.902137,-0.004136,0.002841,-0.431421
15.390000,3.569526,-4.211762,0.270471,3.100894,2.546929,-0.150757,0.907173,-0.004148,0.002806,-0.420727
15.420000,3.661465,-4.134357,0.265588,3.028397,2.613435,-0.174813,0.912166,-0.004174,0.002765,-0.409790
15.450000,3.751205,-4.054951,0.259964,2.954238,2.680313,-0.200092,0.916989,-0.004206,0.002717,-0.398882
15.480000,3.838687,-3.973529,0.253560,2.877911,2.747774,-0.226876,0.921716,-0.004259,0.002642,-0.387834
15.510000,3.923834,-3.890063,0.246325,2.798554,2.816627,-0.255449,0.926339,-0.004341,0.002507,-0.376658
15.540000,4.006542,-3.804490,0.238204,2.715340,2.888253,-0.285927,0.930773,-0.004415,0.002496,-0.365563
15.570000,4.086683,-3.716707,0.229137,2.627356,2.963955,-0.318560,0.935195,-0.004255,0.002128,-0.354100
15.600000,4.164099,-3.626578,0.219055,2.533705,3.044642,-0.353551,0.939218,-0.003660,0.001397,-0.343298
15.630000,4.238626,-3.533943,0.207877,2.434817,3.131005,-0.391660,0.943236,-0.002654,0.000264,-0.332111
15.660000,4.310134,-3.438660,0.195535,2.332365,3.221196,-0.431157,0.947134,-0.002281,-0.000044,-0.320829
15.690000,4.378567,-3.340642,0.182022,2.229837,3.313322,-0.469676,0.950946,-0.001315,-0.000757,-0.309352
15.720000,4.443958,-3.239875,0.167382,2.129588,3.404532,-0.506316,0.954676,-0.000682,-0.001573,-0.297641
15.750000,4.506405,-3.136429,0.151676,2.033507,3.491831,-0.540805,0.958574,0.000038,-0.002292,-0.284834
15.780000,4.566048,-3.030403,0.134970,1.942694,3.576584,-0.572925,0.961584,0.000313,-0.004097,-0.274481
15.810000,4.623042,-2.921839,0.117350,1.856931,3.661016,-0.601745,0.964952,0.000357,-0.005041,-0.262377
15.840000,4.677548,-2.810767,0.098940,1.776802,3.743807,-0.625565,0.967868,0.000385,-0.006481,-0.251376
15.870000,4.729765,-2.697239,0.079902,1.704307,3.824715,-0.643654,0.970811,0.000487,-0.007806,-0.239717
15.900000,4.779957,-2.581345,0.060423,1.641836,3.901524,-0.654898,0.973471,0.000987,-0.009072,-0.228629
15.930000,4.828472,-2.463241,0.040722,1.592479,3.972081,-0.658523,0.976075,0.000849,-0.010514,-0.217180
15.960000,4.875750,-2.343160,0.021040,1.559413,4.033300,-0.653601,0.978609,0.000309,-0.011675,-0.205398
15.990000,4.922336,-2.221437,0.001657,1.546285,4.081609,-0.638625,0.980919,-0.001064,-0.012343,-0.194024
16.020000,4.968875,-2.098541,-0.017101,1.556341,4.111454,-0.611919,0.983551,-0.003950,-0.012582,-0.180147
16.050000,5.015915,-1.974943,-0.034942,1.579654,4.128375,-0.577463,0.985104,-0.004058,-0.013720,-0.171365
16.080000,5.063535,-1.850877,-0.051729,1.595034,4.142707,-0.541657,0.986854,-0.004092,-0.014934,-0.160871
16.110000,5.111317,-1.726250,-0.067506,1.590386,4.165742,-0.510173,0.987022,-0.003370,-0.017614,-0.159578
16.140000,5.158541,-1.600846,-0.082400,1.557904,4.194535,-0.482718,0.989871,-0.003706,-0.015745,-0.141044
16.170000,5.204544,-1.474673,-0.096499,1.508979,4.217049,-0.457239,0.990486,-0.003426,-0.017877,-0.136407
16.200000,5.248969,-1.347888,-0.109908,1.452678,4.235272,-0.436710,0.992010,-0.005293,-0.018141,-0.124734
16.230000,5.291564,-1.220671,-0.122746,1.386985,4.245814,-0.419141,0.993126,-0.005141,-0.018049,-0.115537
16.260000,5.332045,-1.093202,-0.135101,1.311750,4.252118,-0.404504,0.994240,-0.004544,-0.018002,-0.105560
16.290000,5.370095,-0.965570,-0.147072,1.224884,4.256720,-0.393574,0.995128,-0.003331,-0.018489,-0.096789
16.320000,5.405363,-0.837721,-0.158788,1.126357,4.266549,-0.387511,0.995486,-0.001076,-0.020481,-0.092665
16.350000,5.437514,-0.709516,-0.170369,1.017039,4.280467,-0.384508,0.996615,-0.000711,-0.019732,-0.079799
16.380000,5.466334,-0.580916,-0.181852,0.904306,4.292869,-0.381034,0.997289,-0.000854,-0.020024,-0.070804
16.410000,5.491799,-0.451945,-0.193223,0.793335,4.305179,-0.377078,0.997972,-0.000593,-0.019746,-0.060512
16.440000,5.513972,-0.322618,-0.204462,0.684861,4.316625,-0.372154,0.998546,-0.000546,-0.019686,-0.050181
16.470000,5.532912,-0.192966,-0.215542,0.577809,4.326812,-0.366533,0.999044,-0.000591,-0.019846,-0.038935
